1374250551
1374240658
1374239343
1374236296
1368278047
1367763051
1367762930
1367762214
1360224245
1358106484
1358106387
1347882550
1347882288
1347882099
1347881981
1347875395
1346346591
1346346551
1341539675
1341539325
1341539266
1334705000
1333501529
1331370682
1331370126
1331369664
1331369007
1325546328
1317595432
1316860297
1316822152
1316821647
1316821472
1316698442
1314823764
1313467467
1313461755
1313461090
1313460392
1313460301
1313458826
1310034943
1309992226
1309970917
1309970673
1309161895
1309161690
1308848895
1308848639
1308847120
1308846785
1308785969
1308785721
1287547396
1258647202
1250125989
1250125477
1250125134
1250125037
1248187776
1248187233
1247773028
1247709152
1247708708
1242664259
1242664017
1242576683
1242576562
1239373323
1239373152
1239295836
1239295705
1239295562
1239295431
1239295382
1239294821
1237733477
1237733442
1237731167
1237731154
1237412843
1237412817
1237212647
1237212268
1237212251
1237210951
1235911365
1235911343
1235911239
1234895009
1234894734
1234894713
1234894599
1234894559
1234894286
1234894263
1234894232
1234665123
1234665115
1234584113
1234584008
1234580040
1234580017
1234579937
1234579915
1234411271
1234411262
1232213365
1232066620
1232066607
1231630161
1231629673
1231629488
1231629397
1231625642
1231623731
1231621982
1231621968
1231621638
1231171579
1231171571
1231171409
1231170820
1231170805
1231170785
1231170590
1231170495
1231170096
1230578366
1230578355
1230578197
1230577942
1230192526
1230192493
1230005200
1230005188
1230005015
1230004969
1230004935
1230004590
1230004570
1230004234
1230004217
1230004052
1230003963
1229980699
1229980603
1229977225
1229977204
1229976711
1229975935
1229975762
1229975736
1229975699
1229975288
1229974124
1229974102
1228446123
1228446107
1227886957
1227886887
1227886838
1227886798
1227886789
1227883685
1227883674
1225510092
1225510074
1225504714
1225504693
1206292422
1205422158
1205422151
1205422084
1205422073
1202751363
1202751337
1202697157
1202673963
1202652241
1202652233
1202652112
1202652107
1202648588
1202603161
1202603150
1202494974
1202494939
1202438295
1202438288
1202344978
1202344788
1202320196
1202320189
1202320122
1202144045
1201897404
1201897375
1201897255
1201725823
1201725768
1201618150
1201618052
1201617913
1201396040
1201396002
1201395896
1201391837
1201391833
1201302279
1201302246
1201302156
1201302135
1201301861
1201301790
1201301570
1201301546
1201301478
1201301433
1200626347
1200626240
1200062655
1200062590
1200061419
1199425673
1199425592
1199425539
1199425518
1199425459
1199425419
1199425377
1199425188
1199425098
1199424912
1199424884
1199354260
1199354198
1199353965
1199353912
1199113354
1199113270
1199072595
1199072571
1199050785
1199050780
1199032014
1199031944
1199031892
1199022130
1199022125
1198985765
1198985758
1198985705
1198985601
1198985554
1198956374
1198956366
1198955550
1198955542
1198955434
1198955426
1198955093
1198955085
1198954900
1198813809
1198813804
1198811944
1198811940
1198811808
1198811802
1198726280
1198726273
1198716146
1198716140
1198710094
1198690174
1198690143
1198645324
1198623651
1198623607
1198623538
1198623481
1198623030
1198623008
1198622928
1198622893
1198622855
1198622823
1198622755
1198622727
1198622697
1198622668
1198622624
1198620847
1198620776
1198613953
1198613897
1198613887
1198613345
1198613163
1198613147
1198612965
1198612559
1198601788
1198601780
1198446385
1198446344
1198446335
1198437295
1198437228
1198437219
1198437134
1198433350
1198433318
1198428307
1198428302
1198354866
1198354860
1198348756
1198348747
1198343142
1198340616
1198340553
1197758739
1197758730
1197758361
1197758110
1197758077
1197758023
1197757937
1197757878
1197757866
1197757782
1196947814
1196947809
1196798014
1196798008
1196642475
1196642441
1196642015
1196642010
1196641986
1196641634
1196641588
1196640726
1196640722
1196626909
1196626903
1196625836
1196549959
1196549952
1196549687
1196549048
1196549042
1196492352
1196492259
1196492231
1196375777
1196375770
1196375711
1196375661
1196298537
1196298527
1195962674
1195962667
1195962639
1195962605
1195962574
1195962552
1195962521
1195962513
1195920057
1195920044
1195920021
1195918839
1195918828
1195562392
1195562379
1195562306
1195128551
1195128529
1195128507
1195128278
1195128064
1195128015
1195127902
1195127887
1195127759
1195127562
1195127552
1194847171
1194398850
1194366798
1194162141
1194161561
1194161516
1194159436
1194061692
1194061662
1194061617
1194061582
1194054631
1194054616
1193803709
1193803688
1193799709
1193732714
1193732702
1193732670
1193732648
1193702471
1193702459
1193666199
1193666117
1193666106
1193666040
1193647086
1193647074
1193392587
1193392469
1193392459
1193392394
1193392332
1193392194
1193392185
1193392136
1193370704
1193370690
1193370679
1193370656
1193370577
1193370566
1193279014
1193278997
1193214290
1193214276
1193214241
1193214181
1193214155
1193214114
1193214106
1193214042
1193214030
1193214003
1193213914
1193213867
1193213784
1193213746
1193213703
1193213651
1193213560
1193213457
1193213370
1193153295
1193153239
1193132792
1193132781
1192814878
1192814747
1192814643
1192814618
1192814611
1192756381
1192756374
1192756363
1192742612
1192742590
1192502253
1192502249
1192502098
1192502050
1192501490
1192501485
1192403767
1192403735
1192402397
1192402387
1192402379
1192402316
1192402179
1192402078
1192401998
1192401059
1192387996
1192387960
1192387881
1192284621
1192284596
1192284246
1192284231
1192284205
1192284170
1192164772
1192164763
1192164726
1192047584
1192047546
1192047500
1192047449
1191894005